64
78 0 0 0 0 0 0 0 0 0 0 0 0 0 0 0 0 1 0 1 0 1 1 0 0 1 0 0 0 0 1 0 0 1 1 0 1 0 0 1 0 0 0 1 0 1 0 1 0 0 1 0 1 0 0 0 1 1 1 1 1 1 0 0 
1 36 0 1 0 0 1 0 0 1 0 0 1 1 1 0 1 1 0 0 1 1 0 0 0 0 1 1 0 0 0 0 1 0 1 0 1 0 0 0 1 0 0 0 1 0 0 0 1 0 0 1 0 0 0 0 1 0 0 0 0 0 0 0 
0 0 7 1 0 1 0 0 1 0 0 1 0 0 0 1 0 1 0 0 1 0 1 1 1 0 0 0 1 1 0 1 1 0 0 0 1 1 1 0 0 1 0 1 0 1 0 1 1 0 0 1 0 0 0 1 0 0 0 0 1 1 1 1 
0 0 0 43 1 0 0 1 0 0 0 0 1 0 0 0 1 0 1 0 0 1 0 1 1 0 0 0 0 0 1 1 0 1 0 0 0 0 0 0 0 0 0 1 0 0 1 0 0 0 0 0 0 0 0 0 0 0 0 1 1 0 0 0 
1 1 0 0 77 1 0 0 0 0 1 0 0 0 1 0 0 0 1 1 0 0 0 0 0 0 1 0 1 0 0 0 0 1 0 1 1 0 0 0 1 1 1 1 1 0 0 1 1 0 0 0 1 0 1 0 0 0 0 0 1 0 0 0 
0 0 1 0 0 83 0 1 0 0 1 1 0 0 0 1 1 0 0 0 0 1 0 0 1 0 1 1 1 0 1 0 0 0 1 0 1 0 1 0 1 0 0 1 0 0 0 1 0 0 1 0 0 1 0 1 0 0 0 0 0 0 0 1 
0 0 1 0 1 0 31 1 0 0 1 0 0 1 0 0 0 1 1 1 0 0 0 0 0 1 0 0 0 0 0 1 0 0 0 1 1 1 0 0 1 1 0 1 1 0 0 0 0 0 1 1 0 1 1 0 0 0 0 1 0 0 0 1 
1 1 0 0 0 1 0 6 1 0 0 0 1 0 0 1 1 0 0 0 0 1 0 1 1 0 0 0 0 0 0 0 0 0 0 1 0 0 1 1 1 1 0 0 0 0 0 1 1 0 0 1 0 0 0 0 1 0 1 0 0 0 1 0 
1 1 1 0 0 1 0 1 68 1 0 0 0 1 1 0 1 0 1 0 0 0 0 0 0 1 0 0 0 1 0 1 0 0 1 1 0 0 0 0 0 0 0 1 0 0 1 0 0 0 0 1 1 0 0 1 0 1 1 1 1 1 0 0 
0 0 0 1 1 1 0 0 1 70 0 0 0 0 0 0 0 1 0 0 1 1 0 0 0 0 0 0 0 1 0 1 1 1 0 1 0 1 1 0 0 0 0 0 0 0 1 0 0 0 1 0 1 0 0 1 0 0 0 0 0 0 1 0 
0 0 0 0 0 0 1 1 0 0 51 0 1 0 0 1 1 0 0 0 1 0 0 0 0 1 0 1 1 0 0 0 1 0 1 1 0 0 0 0 0 0 0 1 0 0 0 0 0 1 0 0 0 0 0 0 1 0 0 1 1 0 1 1 
1 0 1 0 0 0 1 0 0 1 1 37 0 1 0 0 0 1 0 0 0 1 0 1 0 0 0 0 0 0 1 1 0 1 0 0 0 0 1 1 0 0 0 1 0 0 1 0 0 0 0 0 0 0 1 1 1 0 1 0 0 0 1 0 
1 0 0 0 0 0 0 0 1 0 0 0 19 1 1 0 1 1 0 1 0 0 1 1 0 0 0 0 0 1 1 0 1 1 1 0 1 0 0 0 0 1 0 1 0 0 0 0 1 0 0 0 1 0 1 0 0 0 0 0 0 0 0 0 
0 1 1 0 0 1 1 0 0 0 0 1 1 26 0 0 0 0 0 1 0 0 1 0 1 0 1 1 1 0 0 1 0 0 0 0 1 1 0 1 0 1 0 0 0 0 0 0 0 0 0 0 1 0 0 0 1 0 1 0 1 1 0 1 
0 0 0 0 1 0 1 1 0 0 1 1 0 1 67 1 0 1 1 0 0 1 0 1 1 0 1 0 0 1 0 0 1 0 0 0 1 0 0 0 0 0 1 1 0 1 0 1 0 0 0 1 1 1 0 0 0 1 0 0 0 0 0 0 
0 0 0 1 1 1 1 1 0 0 1 1 1 0 0 20 1 1 0 0 0 0 1 0 0 1 0 0 0 1 1 0 0 1 1 1 1 1 0 0 0 0 0 1 1 0 0 0 0 0 1 1 1 0 0 0 1 1 0 0 0 0 1 1 
0 0 0 0 0 1 1 0 0 0 0 1 1 1 0 1 27 0 0 0 1 0 0 1 0 1 0 1 0 0 0 0 0 0 1 0 0 0 1 1 0 0 1 0 0 0 0 0 1 0 0 1 0 0 1 0 0 1 1 0 0 0 0 0 
0 0 0 1 1 1 0 0 1 0 1 0 1 0 0 0 0 65 1 0 1 0 0 0 0 0 1 0 0 1 0 1 1 1 0 1 1 0 1 1 0 0 0 0 1 1 0 1 0 0 1 0 0 0 1 0 1 0 0 0 0 0 0 0 
0 1 0 0 1 0 0 0 0 1 1 0 0 0 0 0 0 1 24 0 0 0 0 0 1 0 1 0 1 0 1 1 0 0 0 1 0 1 0 0 1 0 0 1 1 0 0 1 0 0 0 0 0 1 1 1 1 0 1 1 1 0 0 0 
0 0 0 0 0 1 0 0 0 0 0 1 0 1 0 0 1 1 0 83 0 0 1 0 0 0 1 0 0 0 1 1 0 1 1 0 0 0 0 0 1 1 0 0 0 1 0 1 0 1 0 1 0 1 1 0 0 1 1 0 0 1 0 0 
0 0 1 1 0 0 0 0 0 0 1 1 1 0 1 0 0 1 0 1 60 0 0 0 1 0 0 0 0 0 0 0 0 0 0 1 1 1 1 0 0 1 1 0 1 1 0 0 0 0 0 0 0 0 1 0 0 0 0 0 1 1 0 0 
1 0 0 0 0 1 0 1 0 1 1 0 0 0 1 1 0 0 0 0 0 99 0 0 1 0 0 1 0 0 0 1 1 0 0 1 0 1 0 0 0 1 1 0 1 0 1 0 0 0 0 0 0 0 0 1 0 0 1 0 0 1 0 0 
0 1 0 1 0 0 0 1 0 1 1 1 1 0 1 0 1 0 0 0 0 0 18 1 1 0 0 0 1 1 1 0 1 0 0 1 1 1 0 0 0 0 0 1 0 0 0 0 0 1 0 0 0 1 1 0 1 0 0 0 0 1 0 0 
0 0 0 1 1 0 0 1 0 0 1 1 0 1 0 0 1 0 0 1 0 0 1 25 0 1 1 0 0 1 1 0 0 1 0 0 1 0 1 0 0 0 0 1 0 0 0 0 0 0 0 1 0 0 0 0 1 0 0 1 0 0 0 0 
0 0 1 0 0 0 0 0 0 0 1 1 0 0 1 1 0 0 1 1 0 0 0 0 10 1 0 1 1 1 1 0 1 1 0 1 0 0 0 0 0 0 1 1 0 1 0 1 1 0 0 0 1 0 0 0 1 0 0 0 0 0 1 1 
1 1 0 1 0 1 0 0 0 0 0 1 0 0 1 0 0 1 0 0 0 0 0 1 0 29 1 0 0 0 1 1 1 0 0 0 1 0 1 0 1 1 0 0 1 0 0 0 0 0 1 1 0 1 0 0 0 1 1 0 0 1 0 0 
1 0 0 0 0 1 1 0 1 1 0 0 1 0 1 1 1 0 0 1 1 1 0 0 0 0 46 0 0 0 0 0 0 0 1 1 0 1 0 0 1 0 0 1 0 1 1 1 1 1 0 1 0 0 1 0 0 0 1 0 1 0 1 0 
0 0 0 0 1 0 1 1 0 1 0 1 0 1 0 1 0 0 0 1 0 1 0 1 1 1 0 18 0 0 1 0 1 1 0 0 0 1 0 0 0 0 0 0 0 1 1 1 0 0 0 0 1 1 1 0 0 0 1 0 1 0 0 1 
0 0 1 1 0 0 0 0 0 0 0 0 0 0 0 0 1 0 0 0 1 0 1 0 0 0 0 0 10 1 1 0 0 0 0 0 0 0 0 1 1 0 0 0 0 0 0 0 0 0 0 0 0 0 0 0 1 0 0 0 0 0 1 1 
0 1 0 0 1 1 1 0 1 0 0 0 0 0 0 0 0 0 0 0 0 0 0 0 1 0 1 0 1 8 0 0 0 0 1 1 0 1 1 1 0 0 0 0 1 1 0 0 1 0 0 1 1 1 0 1 0 0 1 1 1 0 1 1 
0 0 0 0 0 0 1 0 0 0 0 0 0 1 1 0 0 0 0 1 0 0 0 1 0 0 1 0 0 0 9 0 0 1 0 1 0 1 1 1 1 1 0 0 0 1 0 0 0 0 0 0 1 0 0 1 0 1 0 1 0 0 0 0 
1 0 1 1 0 0 0 0 0 1 0 1 0 0 0 1 0 1 1 0 1 1 0 0 0 1 0 0 1 0 1 6 0 0 0 1 0 0 1 1 0 0 0 0 1 1 0 0 1 0 1 0 1 1 1 0 0 0 1 0 0 0 0 1 
0 1 0 0 0 1 0 0 0 0 0 0 0 0 0 1 0 0 1 0 1 0 1 1 1 0 1 0 0 0 0 0 50 0 0 0 0 0 0 1 1 0 0 0 0 0 1 1 1 0 1 1 0 1 1 0 1 0 0 0 1 0 0 1 
0 1 1 0 0 0 0 1 1 0 1 0 0 1 1 1 1 0 0 0 0 1 1 0 1 0 1 0 0 0 0 0 1 18 0 0 1 1 0 0 0 0 0 0 0 0 1 0 0 0 1 0 1 0 1 0 0 0 0 0 0 1 0 0 
0 0 1 0 0 1 1 0 1 0 0 0 1 1 0 0 0 0 1 0 1 0 0 1 0 0 1 0 0 1 0 1 0 0 17 1 0 0 0 0 1 0 1 1 0 1 1 0 1 1 0 0 1 0 0 0 0 1 0 0 1 0 0 0 
0 0 0 1 0 1 1 1 0 0 0 0 1 1 1 1 1 0 0 1 0 0 0 1 0 0 1 0 0 0 0 0 0 1 0 3 0 0 0 0 0 0 0 1 0 0 0 1 1 1 1 0 1 1 0 1 0 1 0 0 0 1 1 0 
0 0 0 0 0 1 0 0 1 0 0 1 1 0 0 0 0 1 0 1 0 1 0 0 0 0 0 0 0 0 0 1 0 0 0 1 62 0 1 1 0 0 0 1 0 1 0 0 1 0 1 0 0 1 0 0 0 0 1 1 0 1 0 0 
0 1 0 1 0 0 0 0 1 0 0 1 0 0 0 0 0 0 1 0 1 0 0 0 0 1 0 1 1 1 0 1 1 0 0 1 1 28 0 0 0 1 0 1 0 0 0 0 0 1 1 0 1 0 0 0 0 0 0 0 0 0 0 0 
0 1 1 0 1 1 0 1 0 0 0 0 1 0 0 1 0 1 1 0 0 0 1 0 0 1 1 0 1 0 0 1 1 0 0 0 0 0 70 1 0 0 0 0 0 0 0 0 0 1 1 1 1 0 0 0 1 0 0 0 1 0 0 1 
0 0 1 0 0 0 0 0 0 0 0 0 0 1 0 0 0 0 0 1 0 0 1 0 0 1 1 1 1 0 0 0 0 0 0 1 0 1 0 64 1 1 1 1 1 1 1 1 1 0 0 0 1 0 0 0 1 1 0 0 0 0 0 0 
0 0 0 0 0 0 0 1 0 0 0 0 0 1 0 0 0 1 1 0 0 0 0 0 1 0 1 0 1 1 1 1 0 0 0 0 0 0 0 0 66 1 0 0 0 0 0 0 0 0 0 0 0 0 0 0 1 1 0 1 1 0 0 0 
1 1 0 1 1 1 0 1 0 0 1 0 1 1 1 1 1 1 0 1 1 0 1 0 0 0 1 0 0 0 1 0 1 0 1 1 0 1 0 0 1 43 0 1 1 0 0 0 1 0 1 1 1 0 1 1 0 0 0 0 0 0 0 1 
0 1 0 1 0 0 0 1 0 0 1 0 0 0 1 0 1 0 1 0 1 0 0 1 1 0 0 1 1 0 1 0 0 1 1 0 0 0 0 1 1 0 50 1 1 1 0 0 0 1 0 0 0 1 0 1 0 0 0 0 1 0 1 0 
0 1 0 0 0 1 0 0 1 0 0 1 1 1 1 1 0 0 0 0 0 0 0 0 1 0 0 1 0 0 0 0 0 0 0 1 0 0 0 1 0 0 1 74 0 1 0 1 0 1 0 0 0 1 0 0 1 0 0 1 0 1 0 0 
0 0 1 1 1 0 1 0 0 0 1 0 0 0 1 0 0 1 0 0 0 0 1 1 0 0 0 0 1 0 1 0 0 1 1 0 0 1 1 0 0 0 0 1 78 1 0 0 0 0 0 0 0 0 0 1 0 1 0 1 0 0 0 0 
1 1 0 0 0 0 1 0 1 0 0 0 0 0 0 0 0 1 0 0 1 0 0 0 0 0 1 1 0 0 0 0 0 0 1 1 0 0 1 1 0 1 0 0 0 49 0 1 0 1 1 0 0 1 0 0 1 0 0 0 0 0 1 1 
0 1 0 0 1 0 0 0 1 1 1 0 0 1 0 1 1 1 1 0 1 0 0 0 1 0 0 0 0 1 0 1 1 1 0 0 0 0 0 0 1 0 1 0 1 0 80 1 0 0 0 0 1 1 1 1 1 0 0 0 0 1 1 0 
0 0 0 1 0 1 1 0 0 0 0 0 1 0 0 0 0 0 0 1 1 0 0 1 1 0 0 0 0 0 1 1 0 1 0 0 1 0 0 1 0 1 0 1 0 0 1 18 0 0 0 1 0 0 1 0 0 0 1 0 0 1 0 0 
0 0 1 0 0 0 0 0 1 1 1 0 0 1 0 0 0 0 1 0 1 0 0 0 0 1 0 0 0 1 0 1 0 0 0 0 0 0 0 0 1 0 0 1 1 1 0 0 85 0 0 1 0 1 0 1 0 0 0 0 0 0 0 0 
0 0 0 0 1 0 0 1 1 0 0 0 0 1 1 0 0 0 1 0 0 0 1 1 0 0 0 1 0 0 0 0 0 0 0 0 1 0 1 0 0 0 0 0 0 1 0 1 0 86 0 1 0 0 0 1 0 1 0 0 0 1 1 1 
0 1 0 1 1 1 1 1 1 0 0 0 0 0 1 0 0 0 1 0 0 0 1 0 0 0 1 0 0 0 1 0 0 0 0 1 0 0 1 0 0 0 0 0 0 0 1 0 0 0 50 1 0 1 1 0 0 0 0 1 0 0 0 0 
1 0 1 0 0 1 0 0 0 0 0 1 0 0 0 0 1 0 0 0 0 0 0 0 1 0 1 0 1 0 1 1 0 0 1 0 1 0 0 0 1 0 0 1 1 1 0 1 0 0 0 36 0 0 0 0 0 0 0 1 0 0 0 0 
1 0 1 0 0 1 0 1 0 0 1 0 0 1 0 0 0 1 0 0 0 0 0 0 0 1 0 1 1 1 1 0 0 0 1 0 0 1 0 1 0 0 0 0 0 0 1 0 1 0 0 1 57 0 1 1 0 0 0 0 0 1 0 0 
1 0 0 0 1 1 0 0 0 0 0 1 0 1 1 0 1 0 0 1 0 1 0 0 1 1 0 0 0 0 0 1 1 0 0 0 0 0 1 0 1 1 0 0 0 0 1 1 1 1 1 1 0 36 1 0 1 0 1 1 1 0 0 0 
0 0 1 1 1 0 0 0 1 0 1 1 1 1 0 1 1 1 1 0 1 0 0 1 1 0 1 1 0 0 1 0 1 0 0 1 1 0 0 0 1 0 1 0 0 0 0 0 0 0 1 0 1 0 85 1 1 0 0 0 0 0 0 0 
0 0 1 0 0 0 0 0 0 1 0 0 0 0 1 1 0 0 1 0 0 1 0 0 1 0 0 0 0 0 0 0 1 0 1 0 1 0 1 1 1 1 0 0 0 0 0 0 1 0 1 0 1 0 0 9 0 1 0 0 0 1 1 0 
0 0 0 0 1 1 0 0 0 0 0 1 1 0 0 1 1 0 0 0 0 0 0 0 1 0 0 1 1 1 1 1 0 1 0 1 0 0 0 0 0 0 0 0 0 1 0 0 1 1 0 0 0 1 0 0 55 0 1 0 0 1 1 0 
1 1 1 0 1 1 0 0 0 0 1 1 0 0 0 0 1 1 0 1 0 1 0 0 0 0 0 1 0 1 0 1 0 0 1 1 0 1 1 0 1 1 0 1 1 0 1 1 0 1 1 1 0 1 0 0 0 27 0 0 0 0 0 1 
0 0 0 0 0 0 0 1 1 0 0 0 0 1 0 1 0 0 1 1 0 0 0 0 0 1 0 0 0 0 0 0 0 0 0 1 1 1 1 0 0 0 0 0 0 1 0 0 0 0 0 1 0 1 0 1 0 1 69 0 0 0 1 0 
1 0 0 0 0 0 0 0 1 0 0 0 0 0 1 0 0 0 1 0 0 0 1 0 0 0 0 0 1 0 0 0 0 0 1 0 1 1 0 0 0 0 1 0 0 1 0 0 1 0 0 0 0 0 0 1 0 0 0 64 0 0 1 0 
1 0 1 1 0 1 1 0 0 0 0 0 0 0 0 0 0 1 1 0 1 0 0 0 0 1 0 0 1 0 0 1 1 0 0 0 0 1 0 0 1 0 0 0 1 1 0 0 0 0 1 0 1 0 0 0 0 1 1 0 42 0 0 0 
0 1 0 0 0 1 0 0 0 0 0 1 0 1 0 1 0 0 1 0 0 0 1 1 1 1 1 0 0 0 0 1 1 0 1 0 1 0 0 0 1 0 0 0 1 0 0 0 1 0 0 1 1 1 0 1 1 0 0 0 0 36 0 0 
1 1 0 0 0 0 1 1 0 1 0 1 0 0 1 1 0 0 0 0 1 1 0 0 0 1 1 0 1 0 1 0 0 0 0 0 0 0 1 0 0 0 0 1 1 0 0 1 0 1 1 1 1 0 0 0 1 0 0 0 1 0 88 0 
1 1 0 0 0 0 0 0 0 0 1 0 0 0 1 0 0 0 0 1 0 0 0 0 0 0 0 0 1 0 0 0 0 0 0 0 1 0 0 0 1 0 0 0 0 0 0 0 1 1 0 0 1 0 0 0 1 0 0 1 1 1 1 69 
