16
4 0 0 0 1 0 0 1 0 0 0 0 1 0 0 0
0 93 0 0 0 1 0 0 0 0 0 1 0 0 0 1
0 1 56 0 0 0 0 1 0 0 0 0 0 0 0 1
0 0 0 2 0 0 0 0 0 0 0 0 0 0 1 0
1 0 0 0 70 0 0 1 0 0 0 0 0 0 0 0
0 0 0 1 0 2 0 0 0 0 0 1 0 1 0 0
0 0 0 0 0 0 47 0 1 0 0 1 0 0 0 0
1 0 0 0 0 0 0 94 0 0 0 0 1 0 0 0
0 0 0 0 0 0 0 0 37 0 0 0 0 1 0 0
0 0 0 0 1 0 0 0 0 40 0 0 0 0 0 0
0 0 0 0 0 0 0 0 0 1 26 0 0 0 1 0
0 0 0 0 0 0 1 0 1 0 0 19 0 0 0 0
0 0 0 0 0 1 0 0 0 0 1 0 82 0 1 0
0 0 0 1 0 0 0 0 0 0 0 1 0 52 0 0
0 0 0 0 0 0 0 0 0 0 1 0 0 0 7 0
0 0 0 0 0 0 0 0 0 0 0 0 0 0 0 34